     X       NACA 64(3)-618-Re=   2e+05-Alpha= 2.00-NCrit= 10.0-XTrTop=0.646-XtrBot=0.713    
            1         0.2317644  
      0.95056         0.1582534  
      0.90115        0.08159233  
      0.85161      -0.004592124  
      0.80191       -0.09578637  
      0.75203        -0.2064749  
      0.70196        -0.3977004  
      0.65171        -0.7197257  
      0.60129        -0.7809617  
      0.55071        -0.7870941  
          0.5        -0.7982226  
      0.44917        -0.8308119  
      0.39827        -0.9185798  
      0.34735        -0.9530797  
      0.29645        -0.9637132  
       0.2456        -0.9480824  
      0.19486        -0.9121483  
      0.14427        -0.8688763  
      0.09395        -0.7831301  
      0.06895        -0.7268999  
      0.04417        -0.6189738  
      0.01982        -0.4237539  
      0.00805        -0.1707779  
      0.00359        0.02275772  
       0.0015         0.1100504  
            0         0.9987171  
       0.0085         0.5645731  
      0.01141         0.4841782  
      0.01695         0.3654132  
      0.03018         0.2120947  
      0.05583        0.09169476  
      0.08105        0.02324209  
      0.10605       -0.01872322  
      0.15573       -0.07690847  
      0.20514        -0.1189695  
       0.2544        -0.1512854  
      0.30355        -0.1758441  
      0.35265        -0.1868215  
      0.40173        -0.1867983  
      0.45083        -0.1277818  
          0.5       -0.09178204  
      0.54929        -0.0742823  
      0.59871       -0.06613853  
      0.64829       -0.06077423  
      0.69804       -0.05525104  
      0.74797        0.08940034  
      0.79809         0.2234876  
      0.84839         0.2843895  
      0.89885         0.3131323  
      0.94944         0.3422427  
            1         0.2317644  

