     X       NACA 64(3)-618-Re=   2e+05-Alpha= 2.00-NCrit=  9.0-XTrTop=0.637-XtrBot=0.697    
            1         0.2377915  
      0.95056         0.1541685  
      0.90115        0.07070121  
      0.85161       -0.02070315  
      0.80191         -0.113298  
      0.75203        -0.2177696  
      0.70196        -0.3788537  
      0.65171        -0.6735166  
      0.60129        -0.8007185  
      0.55071        -0.8106119  
          0.5        -0.8270885  
      0.44917        -0.8672367  
      0.39827         -0.962001  
      0.34735        -0.9878028  
      0.29645        -0.9946194  
       0.2456         -0.977242  
      0.19486        -0.9408101  
      0.14427        -0.8983027  
      0.09395        -0.8149597  
      0.06895        -0.7609804  
      0.04417        -0.6564704  
      0.01982         -0.467744  
      0.00805        -0.2203037  
      0.00359       -0.03031729  
       0.0015         0.0529375  
            0         0.9952295  
       0.0085          0.595789  
      0.01141         0.5161186  
      0.01695         0.3963534  
      0.03018         0.2392562  
      0.05583         0.1141969  
      0.08105        0.04303127  
      0.10605     -0.0007669577  
      0.15573       -0.06149862  
      0.20514        -0.1051543  
       0.2544         -0.138797  
      0.30355        -0.1646939  
      0.35265        -0.1774326  
      0.40173        -0.1805163  
      0.45083        -0.1234444  
          0.5       -0.08485212  
      0.54929       -0.06447589  
      0.59871       -0.05425957  
      0.64829       -0.04728578  
      0.69804        -0.0326696  
      0.74797         0.1590357  
      0.79809         0.2515482  
      0.84839         0.2961735  
      0.89885         0.3223643  
      0.94944         0.3551127  
            1         0.2377915  

